27
0
0
1
0
4
4
0
5
0
1
0
2
0
1
26
1
1
1
0
2
1
6
2
0
1
0
1
1
3
0
0
1
11
3
4
1
18
0
0
1
0
3
0
1
0
18
2
0
1
1
0
2
0
0
0
1
1
2
1
0
6
1
1
2
0
0
20
0
0
0
2
1
0
1
1
25
3
2
0
0
0
0
5
0
0
4
1
40
0
0
2
0
5
1
0
0
1
0
1
0
1
0
2
1
0
1
1
5
1
3
4
2
2
2
18
13
10
1
6
0
6
2
0
0
5
2
9
23
0
3
0
1
1
24
4
9
1
4
3
8
43
1
3
2
1
5
0
3
21
1
3
0
4
2
3
2
0
5
17
16
1
0
1
0
10
0
1
10
63
6
2
0
21
0
16
73
9
68
4
8
42
5
0
0
0
3
2
0
2
0
89
11
1
37
5
6
22
2
1
20
3
12
18
2
3
18
1
10
2
0
2
31
3
1
2
2
0
297
1
0
0
0
5
0
0
3
0
0
0
0
0
3
14
0
1
0
1
2
0
3
3
23
2
40
110
1
4
33
2
0
5
2
9
0
0
0
0
0
1
2
1
8
0
1
0
0
6
0
4
0
0
0
1
10
0
0
4
1
0
0
0
1
1
4
0
3
0
0
4
2
2
4
12
14
0
32
0
5
0
42
5
13
69
11
19
0
0
0
2
0
0
8
4
3
6
5
10
5
1
4
5
3
0
1
20
40
5
0
3
0
0
16
1
55
11
4
2
6
3
2
2
83
16
0
22
12
1
1
1
1
53
61
46
21
15
9
33
5
14
2
1
350
0
3
0
3
25
2
77
1
0
1
1
12
4
1
34
0
10
3
3
2
0
1
0
5
0
0
1
15
9
38
8
2
3
0
0
0
5
16
11
6
7
179
34
13
31
4
4
1
0
0
337
1
5
2
15
9
0
244
24
15
6
0
4
13
0
19
1
2
0
0
0
1
0
0
537
40
6
4
83
13
5
47
2
69
0
14
64
0
3
3
67
13
4
46
3
0
4
4
11
1
1
2
6
0
30
2
15
19
18
12
19
1
20
0
0
5
12
22
15
4
22
2
13
49
13
5
0
3
1
0
0
0
0
2
0
0
1
2
4
32
12
12
1
3
7
5
4
2
0
0
0
76
0
0
0
0
0
5
1
2
0
1
26
133
6
3
38
119
1
12
1
1
6
1
3
12
2
3
4
1
18
16
13
16
32
13
16
0
9
10
0
0
1
1
2
1
0
1
0
18
4
114
11
23
21
7
182
6
5
25
0
30
18
9
18
0
4
28
5
6
3
10
9
2
33
0
1
2
0
0
2
0
2
21
3
0
0
4
7
11
18
3
5
13
6
345
19
15
9
8
4
0
0
4
14
3
1
4
11
6
36
31
6
9
15
23
29
139
7
3
10
12
18
39
11
38
20
0
7
9
0
8
3
29
0
28
19
17
11
4
17
1
2
5
0
3
1
2
11
4
2
6
22
17
14
22
6
5
26
5
3
6
4
8
8
2
19
4
8
1
10
13
3
47
10
22
63
47
1
18
18
6
3
14
22
18
4
2
1
33
35
7
20
328
2
5
16
3
8
54
1
42
2
5
6
8
28
6
2
11
9
5
49
2
6
36
28
15
11
12
4
12
2
0
2
16
0
47
5
4
35
1
12
6
7
9
294
552
16
225
40
12
9
23
0
16
4
14
11
5
24
12
15
19
38
2
1
4
26
6
8
39
17
10
27
1
10
4
3
6
9
9
31
3
4
14
1
0
12
31
74
1
47
11
9
8
8
37
4
14
9
19
5
19
7
19
37
31
4
10
132
121
211
28
13
11
19
19
16
