0
759
806
779
815
823
889
1096
835
1228
795
802
778
749
861
853
711
763
795
798
743
782
956
0
0
831
0
958
957
999
1059
1127
1050
960
1166
1081
789
878
842
0
713
0
0
914
743
811
836
760
0
1414
932
719
941
847
839
833
714
786
760
993
804
828
938
1035
687
862
792
874
846
829
817
749
777
885
833
785
758
774
0
0
819
739
0
760
1152
1130
794
866
770
979
0
735
711
975
752
826
878
738
709
675
812
0
720
713
714
932
798
730
1259
854
738
775
0
751
749
749
741
822
886
688
742
743
634
0
0
720
726
797
846
795
740
723
798
794
794
814
731
0
793
769
806
698
789
734
0
0
736
848
775
0
740
0
743
754
0
766
772
736
700
760
727
875
787
736
939
719
714
772
0
747
654
626
723
732
819
743
822
752
778
668
893
785
796
775
788
660
797
0
633
798
793
699
741
822
705
752
730
845
843
1320
713
849
0
710
751
744
706
1284
751
757
768
780
757
915
752
778
728
0
852
783
0
713
749
754
869
761
781
692
714
762
714
840
744
791
672
0
752
0
0
783
627
688
752
762
689
701
813
724
730
816
1246
669
817
748
790
0
818
789
881
797
0
943
940
726
0
744
1170
793
743
809
819
740
748
807
748
743
754
694
0
728
792
809
788
795
820
800
693
0
733
847
0
846
710
735
734
742
0
770
694
0
758
622
788
729
781
687
737
919
777
859
770
778
728
957
838
728
0
633
751
741
746
764
746
721
797
788
766
770
744
761
813
848
0
0
690
712
766
736
601
813
742
745
761
739
783
873
899
895
869
0
815
712
829
786
833
0
0
964
872
759
723
808
878
780
997
911
775
1085
912
798
732
687
682
696
808
859
819
833
640
1113
823
0
815
792
735
794
890
864
941
0
953
731
879
960
848
834
751
1272
780
889
800
1025
1007
788
985
859
772
851
792
849
746
1036
748
780
786
800
920
0
865
0
811
882
953
710
808
930
1036
0
1272
812
884
740
798
800
863
737
0
826
762
793
774
0
850
863
823
1000
841
798
979
1092
903
810
960
861
862
872
948
929
921
838
1317
780
746
793
701
706
893
705
676
0
0
0
873
0
0
0
0
896
737
