138168339  940778288871542786
36134224  614600545
19739126  426361581
155930120  804582780298412032
18440301  804582780298412032
44196397  832019161454817280
245789728  29447428
783792992  578601744
15207668  41186732
833988769  832019161454817280
14328072  2530758806
17477864  981436419087523840
746417655750373376  578601744
20751145  804582780298412032
1349087304233541633  804582780298412032
381685461  302984766
1344356576786866176  981436419087523840
168261424  199452338
1058807868  826615125297680384
79352723  578601744
1278236816936710144  29447428
885891622919184384  804582780298412032
2583166945  302984766
1252988129708929024  302984766
492736486  302984766
1113747629282930688  578601744
152656121  711608180535640064
212445456  838381908656603144
879147821915615233  1060440219097423872
153517357  578601744
532779460  1308267623327518725
60783724  578601744
52585436  302984766
41438148  938494109844729856
14344823  41186732
108977933  1308267623327518725
1177718582  302984766
471426839  804582780298412032
1305817131234267136  199452338
14362766  302984766
2876041031  1263391922657337345
198296897  3453306553
300236092  938494109844729856
898565402346827779  1308267623327518725
1573800344  3453306553
7767002  578601744
48325671  1263391922657337345
45342709  1387010761994682371
1483959660185067526  199452338
424144191  1387010761994682371
1497001040398503936  578601744
214492262  302984766
130120037  199452338
2209106522  1387010761994682371
64698201  614600545
19899980  578601744
1891490382  870244616003403781
435331179  1308267623327518725
1109045045649424386  1060440219097423872
19536434  967871677399994368
3342600166  1387010761994682371
269794637  578601744
1029041185808109568  614600545
73397322  578601744
26562883  614600545
3249260534  804582780298412032
548384458  426361581
2245797112  302984766
20280088  838381908656603144
159021888  3453306553
16041234  838381908656603144
43277776  614600545
2561429863  302984766
558818756  1263391922657337345
90679076  348764745
3140730672  3453306553
368240745  199452338
239103376  614600545
1020602380096696320  578601744
477934944  578601744
742735530287304704  41186732
983813914596118529  578601744
1066773270773547008  838381908656603144
36372343  804582780298412032
19604599  804582780298412032
342802864  981436419087523840
4091551984  838381908656603144
956266072440635392  838381908656603144
977204844  832019161454817280
970994516357472257  1387010761994682371
848148994102611969  940778288871542786
45977763  48074704
879713479254528005  302984766
938758536938557440  41186732
945762498883588097  578601744
28785486  832019161454817280
1005846500583321601  950215424981028864
71048726  838381908656603144
17204460  302984766
14298769  940778288871542786
22956018  302984766
1237314642583658496  832019161454817280
15678388  59028892
923799290  938494109844729856
131546062  41186732
849376476877266944  302984766
15801906  18218403
203123011  832019161454817280
949892499878719488  3453306553
605153786  578601744
96152544  302984766
467726691  1060440219097423872
58974496  3453306553
1442256078259974154  302984766
14247236  940778288871542786
3832  832019161454817280
807095  578601744
289548939  804582780298412032
1236816024281976833  302984766
1096205507348623360  804582780298412032
52770751  804582780298412032
94350709  29447428
19980499  348764745
519897737  41186732
11134252  41186732
889054752230735872  199452338
728273994  29447428
1137827292  29447428
966695335887241219  1387010761994682371
746652122  578601744
139328853  3453306553
20052899  711608180535640064
416950760  3453306553
16129920  940778288871542786
18178850  804582780298412032
756584190112591872  302984766
2924933104  578601744
1349149096909668363  940778288871542786
1176522535531360257  41186732
1094713876132872192  1263391922657337345
3300678755  578601744
14260960  832019161454817280
603724114  302984766
16635277  59028892
29270273  804582780298412032
1393936924830732288  804582780298412032
1462548977367359490  967871677399994368
292891307  29447428
31194003  1492690652529889282
255369151  3453306553
459872442  940778288871542786
351120282  1387010761994682371
262219168  870244616003403781
339724344  302984766
1238370241169616897  3453306553
722528529716383744  41186732
2598999181  1263391922657337345
23937894  832019161454817280
21365372  302984766
813314931147816960  177400353
978823376  578601744
355422278  578601744
785563515897524229  302984766
113165445  804582780298412032
1275209472  302984766
1391884924173627395  1263391922657337345
1221462414744596483  940778288871542786
2316383071  940778288871542786
86626845  578601744
1236324668640047105  302984766
343713611  1263391922657337345
1136667717317091328  29447428
7786612  940778288871542786
818975124460335106  41186732
1201944151  302984766
2987245137  1387010761994682371
1241938664  804582780298412032
16799453  578601744
178711456  614600545
25268540  348764745
255812611  1060440219097423872
820452522494226433  578601744
978758798176382977  302984766
29459695  199452338
1307027256133345280  804582780298412032
62859096  614600545
486834536  1921951394
2962813893  41186732
90732175  804582780298412032
499154896  41186732
18166778  41186732
46926921  1387010761994682371
262461547  578601744
225779417  3453306553
1598709350  1387010761994682371
1384053916690571264  199452338
2352629311  41186732
1155845777039810560  578601744
1120633726478823425  967871677399994368
51241574  348764745
242827267  832019161454817280
15745368  832019161454817280
20172153  1387010761994682371
1060751816  302984766
232427887  832019161454817280
1640929196  1263391922657337345
255471924  578601744
1201953403099893760  41186732
282711900  29447428
1375592430624518156  578601744
1424033022  1263391922657337345
1488966025257312262  1387010761994682371
1077214808  2530758806
2245822809  302984766
315779591  578601744
27493883  832019161454817280
24931027  1308267623327518725
20995648  29447428
799717156589965312  804582780298412032
175694557  578601744
80040960  1387010761994682371
1074480192  41186732
26637348  578601744
793520017  1387010761994682371
1443759943  578601744
1201670995435646976  41186732
16106584  1387010761994682371
523411543  302984766
2904241896  578601744
1503925343434215425  3453306553
588688280  2530758806
1449377648229195779  302984766
91583544  614600545
874916178  1921951394
2234760798  832019161454817280
21525682  832019161454817280
871464343040393218  1387010761994682371
1349418249172234241  1263391922657337345
1491238215256141825  578601744
205622130  1308267623327518725
1481658762221993984  1387010761994682371
3348628540  578601744
122640580  302984766
7768402  1921951394
1341091420439015424  41186732
1387802155810271239  1387010761994682371
179313631  938494109844729856
1255393579507351554  804582780298412032
950261179536084992  578601744
39344374  1921951394
90651198  41186732
834081571493785600  3264938916
2467791  838381908656603144
2800843867  302984766
816652616625168388  41186732
1271162030393896968  1263391922657337345
1104524508709441536  1387010761994682371
2553418813  832019161454817280
799911790398373888  2574271742
105433445  302984766
80802900  45379403
22693817  578601744
237176284  804582780298412032
1003107003693137921  1921951394
1456416915065352197  578601744
713752653289955329  940778288871542786
2153626892  1263391922657337345
1080844782  426361581
1415344770130587649  199452338
117122035  804582780298412032
27086850  199452338
1298372735383605249  940778288871542786
2975091705  41186732
1498289437624647686  578601744
1903372854  1387010761994682371
24127811  578601744
58487473  1387010761994682371
151606599  302984766
1280478731874848769  940778288871542786
454099919  578601744
39002335  804582780298412032
22189368  199452338
189340096  832019161454817280
47094621  1387010761994682371
429851351  302984766
428333  302984766
1917731  940778288871542786
278145569  41186732
2332818674  3453306553
4541535439  832019161454817280
180887271  804582780298412032
138203134  1308267623327518725
28221296  838381908656603144
1259851956  41186732
2926204339  3453306553
877968869138329601  1309237180418666499
775611351792222208  199452338
919828292387061761  1387010761994682371
935368364  41186732
878247600096509952  614600545
36711022  3264938916
7587032  4757894056
420617857  614600545
1367531  838381908656603144
26347394  302984766
22277113  29447428
783214  838381908656603144
19678937  302984766
3866705320  199452338
54391597  804582780298412032
49698134  838381908656603144
2809959174  804582780298412032
1652541  348764745
182474563  29447428
142332083  1353306974939738113
409657315  302984766
1957610664  578601744
954005058793832448  1263391922657337345
1046608631968538624  578601744
216881337  156688202
2264401871  938494109844729856
324703658  838381908656603144
67805368  804582780298412032
306832085  578601744
1260792878420291584  804582780298412032
1108565574  2574271742
2835962353  614600545
